,Buildings,Dynamic Cars,Dynamic Pedestrians,Inside Car,Nature,Roads,Static Cars,Static Pedestrians,Street Objects,Traffic Lights,Traffic Signs
4f583872ffed48249874b00f3d389cfc,31.36593591905565,1.5739179314221472,1.9111860595840364,3.204047217537943,6.1270376616076465,31.14109050028106,0.0,0.0,1.9673974142776842,22.709387296233842,0.0
33d68ad55ef544fab9fd08108e3913ca,0.0,0.9150991357397052,0.0,44.178952719877984,0.45754956786985257,46.771733604473816,0.0,0.0,0.5592272496187086,7.117437722419929,0.0
8598a83e2af441b8bcd0ae5d84beb875,77.50333778371161,0.0,0.0,1.268357810413885,1.869158878504673,0.0,0.0,0.0,0.7343124165554071,18.624833110814418,0.0
37d7e67934974217830bb429bba7fd76,32.626325639426085,4.741110417966313,2.121023081721772,8.92077354959451,9.544603867747973,2.1210230817217712,0.6238303181534622,0.0,3.805364940736119,35.495945102932,0.0
42bac596059749b5b8e8e83ae61de9b4,63.8246041412911,0.0,0.0,0.9744214372716199,11.814859926918391,0.0,0.0,0.0,4.263093788063337,19.123020706455534,0.0
586c107173344c59aa4f71e3573233f0,55.17456359102244,0.0,0.0,13.216957605985035,13.154613466334164,1.1221945137157106,0.0,0.0,0.0,17.331670822942645,0.0
9cdd85098b0b4ad5ab2282a5ac371a5e,59.37016004130099,0.0,0.0,7.589055240061952,12.13216313887455,1.6520392359318534,0.0,0.0,3.975219411461022,15.281362932369644,0.0
5cea15f12a31476ca95089cf4a435a6a,70.059093893631,0.0,0.0,0.0,10.111621799080762,0.0,0.0,0.0,2.0354563361785956,17.793827971109653,0.0
ff846d92c7e6471183595bd2678f29f6,66.42817831590534,0.44028618602091363,0.7705008255365988,1.6510731975784263,10.291689598238856,1.7611447440836545,0.0,0.0,4.843148046230049,13.813979086406164,0.0
14f9490a478e4a09b85b33c323515804,72.04399633363887,0.0,0.0,0.0,7.516040329972505,0.0,0.0,0.0,2.520623281393218,17.91934005499542,0.0
008458d8209e4ba2bbfe7432f9417ec7,44.94464944649446,0.0,0.0,23.173431734317344,9.44649446494465,1.5498154981549817,1.4022140221402213,0.0,3.468634686346863,15.055350553505535,0.9594095940959408
75c5fb9b583c461a8e84e6d62cbab280,21.525148729042723,1.8388318009734994,0.7030827474310437,30.340724716062738,5.462412114656571,27.36614386154678,0.0,0.0,0.8653326122228232,10.978907517577067,0.9194159004867495
fd57e4f341a64e8ea0b5193923169ece,20.883280757097793,0.0,0.0,39.053627760252375,4.290220820189274,23.470031545741328,0.0,0.0,3.406940063091483,8.895899053627764,0.0
b28f765180294426997226c0ef936954,44.29611650485437,3.9441747572815533,0.0,9.587378640776699,6.856796116504855,4.550970873786408,0.0,0.0,2.366504854368932,28.39805825242719,0.0
12288fb5ac564eca9367edae8bbe066f,57.81249999999999,0.0,2.0089285714285707,6.32440476190476,8.63095238095238,5.87797619047619,0.0,0.0,1.0416666666666665,18.303571428571427,0.0
1b9ddb310f6c40508da98f45915077a9,44.75230898404702,0.0,0.0,3.190596137699412,8.228379513014271,7.472712006717045,0.0,0.0,4.36607892527288,31.989924433249367,0.0
8ccf322ad1ba46da81457e8eabade2a0,62.71860095389506,0.0,0.0,15.73926868044515,4.213036565977743,0.0,0.0,0.0,0.0,17.329093799682035,0.0
b12bec2506254c57be19d7a62c9d886e,52.00741198270538,0.0,0.0,5.867819641754171,11.426806670784435,4.694255713403336,0.0,0.0,7.1649166151945645,18.838789376158125,0.0
83f496a6e1374e07b2e5d411c313856e,19.344650611922628,0.0,1.1448874851954207,0.0,0.0,76.35215159889461,0.0,0.0,0.0,3.1583103039873675,0.0
7c3f6555e2144056a8bb7590bdc271fa,29.70014278914803,1.4278914802475011,0.6187529747739172,14.040932889100429,10.233222275107092,22.37029985721085,0.0,0.0,1.5706806282722512,20.038077106139937,0.0
0f04f15432bb4504890662adf9e4f4d0,61.894024802705744,1.0710259301014655,2.029312288613303,6.1443066516347224,3.945885005636978,2.6493799323562564,0.0,0.0,1.1837655016910935,21.082299887260426,0.0
fa1b985dd13347d4a37d6567a6a6798c,18.561995597945707,0.7336757153338225,0.0,22.52384446074835,3.0080704328686725,23.697725605282464,0.0,0.0,7.336757153338224,24.137931034482754,0.0
639b1a76dc004182b787898eac230e45,37.975391498881436,1.5100671140939599,1.3422818791946312,9.116331096196872,13.81431767337808,3.2438478747203585,0.0,0.0,7.49440715883669,25.50335570469799,0.0
16049a1fdd574377bbd9c7510ae19c13,50.26790063321968,0.0,0.0,12.128592303945448,11.446663419386267,1.6074037993180712,0.0,0.0,3.7993180711154406,20.750121773015103,0.0
c2bb7c37f7f942c68e886a8735bae97c,49.25690021231422,0.0,0.0,16.98513800424628,5.520169851380043,9.271054493984431,0.5661712668082095,0.0,4.600141542816702,13.800424628450104,0.0
f50bf9195655423bb0424565b9a55c93,62.58722490606547,0.0,0.4830917874396135,4.455179817498657,10.35963499731616,0.0,0.0,0.0,3.0595813204508855,19.0552871712292,0.0
567381bf521c4f61b2d50ace775f900f,25.09652509652509,0.0,2.53723110865968,27.909542195256478,5.626034197462768,22.559293987865416,0.0,0.0,4.5780474351902924,11.693325979040264,0.0
ff377357d13f4923bb342a00536ae90c,53.728489483747616,0.0,0.0,10.89866156787763,13.193116634799237,6.500956022944553,0.0,0.0,2.358189929891651,13.320586360739329,0.0
0b6062063c264605b2fcc8deb209f18d,46.74940898345154,0.4728132387706857,0.0,24.940898345153666,8.510638297872342,4.905437352245864,0.0,0.0,1.5366430260047286,12.884160756501185,0.0
30c621f451f642d1bfa3dd2ccd7ede49,63.257575757575744,0.0,0.0,5.303030303030302,12.058080808080804,0.0,0.0,0.0,0.0,18.371212121212114,1.0101010101010097
5e75d85f5d5b46f39776e61ad69de1e3,52.28988424760948,0.0,0.6542526421741318,12.279818822345247,7.951685958731758,2.9693004529441374,0.0,0.0,3.2712632108706594,20.58379466532461,0.0
90ef7c99a897434e96a56e42912a86a8,3.7698412698412698,0.9424603174603174,0.0,18.501984126984123,0.0,60.66468253968253,0.0,0.0,0.8432539682539681,15.277777777777779,0.0
58858d6b59044cc4b68b46c1cfb71da8,48.04539722572509,2.3959646910466583,0.0,9.079445145018916,10.025220680958386,7.94451450189155,0.0,0.0,3.593947036569988,18.915510718789406,0.0
b7440215a1954f798aa15292c552c0cc,49.29577464788733,4.056338028169015,0.45070422535211274,3.7746478873239444,6.647887323943662,3.8309859154929584,0.0,0.0,2.0845070422535215,29.352112676056343,0.5070422535211268
cedcc36515ee436da5e9410ca04ac7db,64.52830188679243,0.0,0.7075471698113207,0.0,9.433962264150944,0.0,0.0,0.0,3.3018867924528297,22.028301886792452,0.0
7ab4c31b2ca542fab6c2d6171d3ae2bc,66.82718031032637,0.0,0.0,3.6918138041733553,10.21936864633494,0.0,0.0,0.0,2.4612092027822365,16.800428036383092,0.0
f90a2258816e4e1d868436f29ce8f311,53.46294046172539,0.7290400972053462,0.0,15.856622114216279,9.902794653705952,2.12636695018226,0.0,0.0,0.0,16.099635479951395,1.8226002430133657
7a10f4f520c5468190f3b19b77b2034f,56.1439239646979,0.0,0.6109979633401222,14.12084181941616,9.436524100475223,0.5431093007467754,0.0,0.0,0.6788866259334692,18.465716225390366,0.0
2f316c49d3474f0ab724a1e43fe21bdf,64.49579831932772,2.100840336134454,1.330532212885154,10.574229691876752,3.8515406162464982,0.9103641456582632,0.0,0.0,0.7002801120448179,16.036414565826327,0.0
38696a440c7240baad647472681b897d,64.98579545454548,0.0,0.0,14.13352272727273,7.457386363636366,0.0,0.0,0.0,0.5681818181818183,12.85511363636364,0.0
eecfe5daeb9c4be59e0eccebb4f8352e,47.24342663273962,3.7319762510602215,1.187446988973707,6.9550466497031405,13.31636980491943,7.039864291772693,0.0,0.0,2.0356234096692116,18.490245971162008,0.0
c997a243a7564834bd68a2bb54b3055d,33.43769567939887,0.6261740763932373,0.0,24.98434564809017,10.582341891045711,15.153412648716344,0.0,0.0,1.189730745147151,14.026299311208517,0.0
364efc27b4764e42a802dc3ec5cca913,55.343980343980355,0.0,1.3513513513513515,11.793611793611797,6.326781326781328,3.5626535626535634,0.0,0.0,3.3783783783783794,17.567567567567576,0.6756756756756758
c63ed49c77d64acbb43a553c313d4f1d,69.86835689907363,0.0,0.0,0.0,10.628961482203804,0.0,0.0,0.0,1.755241345685032,17.747440273037544,0.0
c4ae90ae44b842878633885c0db3a805,0.0,0.7194244604316549,0.0,58.72302158273383,0.0,32.91366906474821,0.0,0.0,0.0,7.643884892086333,0.0
f1e8b6b1f0d646a6894b8cbabad60dca,67.22158438576348,0.0,0.8610792192881744,5.223880597014926,3.38691159586682,0.0,0.0,0.0,3.501722158438577,19.80482204362801,0.0
ef8fd2c4d8114418bc2114044c69e3cf,14.934725848563968,0.0,0.9399477806788513,14.778067885117492,0.0,51.90600522193212,0.0,0.0,1.2532637075718018,16.187989556135772,0.0
1fb630b190a249b09a84b20b82e1e97f,24.16481069042316,4.287305122494431,1.8374164810690419,28.89755011135857,0.8351893095768373,28.730512249443205,0.0,0.0,1.0022271714922046,8.797327394209354,1.4476614699331847
5632dc407d39490f816f1017308ce1ee,57.41822429906543,0.0,0.0,24.47429906542056,4.2640186915887845,4.497663551401869,0.0,0.0,1.2850467289719625,8.060747663551401,0.0
3ba0383801034d02b268f4fd80a50e25,3.2380952380952377,0.0,0.5714285714285715,34.57142857142857,0.0,53.095238095238095,0.0,0.0,1.0476190476190477,7.476190476190478,0.0
74d4555fc7204857b695b963bb022ec3,47.4204171240395,0.0,0.0,3.1284302963776067,17.837541163556526,6.092206366630076,0.0,0.7135016465422611,5.872667398463227,18.93523600439078,0.0
b0fa51e40579484691ca6e0ece5eb702,15.58841651263093,0.0,0.0,33.57979051139865,7.024029574861368,31.916204559457796,0.0,0.0,0.9858287122612447,10.905730129390019,0.0
83f78e11b2d34ec1adaffd7c56b8e24a,2.371541501976284,0.0,1.3175230566534912,56.06060606060605,2.8326745718050064,20.487483530961793,0.0,0.0,5.0724637681159415,11.26482213438735,0.592885375494071
9e1340fc23154438ac7f21291868982b,0.891364902506964,0.9470752089136493,0.0,56.82451253481896,1.5041782729805016,33.147632311977716,0.0,0.0,0.0,6.6852367688022305,0.0
112e2d5e60914aac90ef77a549fd688d,1.1230468749999998,0.0,0.0,72.02148437499999,0.39062499999999994,21.093749999999993,0.0,0.0,0.0,5.371093749999999,0.0
0e2b1886c66746e098f5ab7713264612,0.0,0.0,0.0,73.06434023991275,0.0,20.283533260632495,0.0,0.0,0.5452562704471101,6.106870229007633,0.0
2b729046ab7543e6ae9caf3597cc9a26,24.051339285714285,2.7343749999999996,1.6183035714285712,25.111607142857142,2.5669642857142856,32.31026785714285,0.0,0.0,4.575892857142857,7.031249999999999,0.0
4622de6229ba41e493ee51dcaaa56cb7,34.60826650215916,0.0,0.8019740900678592,7.279457125231339,4.009870450339296,32.01727328809376,0.0,0.0,4.626773596545342,16.656384947563232,0.0
c07588426e744bcc9a85ad1ff7e54e1e,1.3339466421343147,0.45998160073597055,0.5059797608095675,75.85096596136154,0.0,13.937442502299909,0.0,0.0,0.0,4.6918123275068995,3.2198712051517937
e8c5ff0419db478694253c881ac1a1d1,16.188524590163933,2.356557377049181,1.2295081967213115,6.352459016393444,0.5122950819672132,57.06967213114754,0.0,0.9221311475409837,0.0,14.959016393442626,0.40983606557377056
81cf6221c0e24af4b7e8e62b0ae10b95,10.777385159010601,1.5312131919905774,2.002355712603063,5.948174322732626,5.6537102473498235,50.824499411071855,0.0,0.0,4.181389870435807,17.314487632508833,1.76678445229682
af42a3d6b2004cb482f59ff9537d2c71,1.2394645513138325,0.0,0.0,52.50371839365395,0.0,34.75458601883986,0.0,0.0,0.8924144769459595,10.609816559246408,0.0
c06d4ed93dfd4a2d93090d73c9decd84,74.00768245838668,0.0,0.0,0.0,5.569782330345711,0.0,0.0,0.0,1.5364916773367479,18.88604353393086,0.0
729ad65643dd48e48854c52ad8582830,6.2461726883037345,0.0,1.9595835884874462,36.619718309859145,1.408450704225352,38.211879975505205,0.0,0.0,0.7960808328230249,14.758113900796078,0.0
e9525e44daad42b995b8bc7756d898ed,11.600338696020325,0.6773920406435225,0.0,46.57070279424217,1.6511430990685858,25.698560541913633,0.0,0.0,0.0,13.801862828111773,0.0
a175d88588d94468be31fb7759ac35da,58.626865671641774,1.5522388059701486,0.4776119402985074,6.149253731343282,6.865671641791043,4.119402985074626,0.0,0.0,3.7014925373134324,18.50746268656716,0.0
96696617f4b84aa6860979112b450b86,21.401204159824847,0.0,0.0,43.29501915708812,2.8461959496442257,18.938149972632733,0.0,0.0,3.9956212370005466,8.42911877394636,1.0946907498631633
51f7490c46574c56a6e02edd4c3c11a0,68.96067415730337,0.0,0.0,0.6320224719101124,9.33988764044944,0.0,0.0,0.0,1.193820224719101,19.873595505617974,0.0
60ba54e66c1148a18845c4165e69577c,14.514066496163682,0.0,0.959079283887468,47.570332480818415,2.3017902813299234,31.777493606138105,1.0230179028132993,0.0,1.0869565217391304,0.7672634271099744,0.0
17187392b7d948829af074234b3fa7b5,33.27044025157233,0.0,0.0,21.57232704402516,4.968553459119499,24.02515723270441,0.0,0.0,0.628930817610063,15.534591194968556,0.0
828b7ad1ef0e4bb3b52d9498986a8467,50.246305418719224,0.0,0.0,4.324028461959497,13.957307060755335,2.4630541871921183,0.0,0.0,6.020799124247401,22.98850574712644,0.0
f076969e1c144afb87987cdc89163051,49.902280130293164,2.54071661237785,2.671009771986971,13.094462540716613,3.1270358306188926,7.100977198697068,0.0,0.0,2.801302931596091,18.762214983713356,0.0
d8e05c0cbaae40a4be22d7220a88610d,21.332091290172333,5.2631578947368425,0.6520726595249186,0.0,6.893339543549139,30.041918956683745,0.0,0.0,2.1891010712622263,33.6283185840708,0.0
8684d8bc021147f8b7c553350675ecf1,22.76546982429336,2.5974025974025983,0.0,44.61420932009168,1.0695187165775404,16.501145912910623,0.0,0.0,2.062643239113828,8.861726508785335,1.5278838808250577
85e2eefb5cdf475f91dad0b6d4ee51a6,14.275956284153006,0.0,0.0,50.75136612021857,3.0054644808743163,19.398907103825135,0.0,0.0,0.5464480874316939,12.021857923497269,0.0
c5a389224e09431094b9a9a9bfd650ce,0.0,0.0,0.0,65.6517094017094,0.0,28.632478632478627,0.0,0.0,0.0,5.715811965811966,0.0
b4e134e6b5ae440e9729d809819b4489,4.413472706155634,0.0,0.0,71.602787456446,0.0,16.957026713124275,0.0,0.0,0.0,7.0267131242741,0.0
8fd9e9283b9349509f8b2550a0de81bf,20.077469335054868,2.775984506132989,0.0,32.73079406068431,1.8721755971594576,28.599096191091025,0.0,0.0,2.4531956100710133,8.392511297611362,3.0987734021949644
699253f481374084942f32588c800243,0.0,0.0,1.2212306247064353,80.60122123062472,0.0,9.957726632221702,0.0,0.0,0.7045561296383279,7.515265382808831,0.0
f0f80e021125471c9e7f8c55dcb949e9,4.8554913294797695,0.0,0.0,71.61849710982658,5.144508670520231,11.676300578034684,0.0,0.0,0.0,6.705202312138728,0.0
abc68cf8f141461f86c57ee800dded3e,6.843156843156843,0.0,0.0,63.63636363636365,0.0,23.326673326673323,0.0,0.0,0.0,6.193806193806195,0.0
0c88188455ea45e694cd1ed326d49fd6,33.754208754208754,1.2626262626262625,0.7575757575757576,24.579124579124578,5.555555555555555,9.175084175084175,0.0,0.0,4.377104377104378,20.538720538720536,0.0
af99ab854713475a99296ae7a5d9f919,58.124999999999986,0.909090909090909,0.568181818181818,9.375,6.136363636363635,5.681818181818181,1.1931818181818181,0.0,0.909090909090909,17.102272727272723,0.0
4ad4336f5a5f4eab8b7ef91f4484449d,42.21140472878998,0.0,0.0,23.991655076495128,4.3115438108484,9.735744089012515,0.0,0.0,3.755215577190542,15.99443671766342,0.0
6f0433c37a224ab9976b63da6930ba21,24.71420794774088,0.0,0.65323897659227,31.736526946107784,0.5443658138268916,29.014697876973322,1.5242242787152966,0.0,2.2863364180729455,9.526401741970604,0.0
6b5d1bae85844d6c9bba6e411edd1f80,62.67820773930753,1.2219959266802445,0.9674134419551935,16.242362525458255,3.156822810590632,0.0,0.0,0.0,0.5091649694501018,15.22403258655804,0.0
560dcf2551104eb389f7e44c5b5da0a6,51.00598151169113,2.7732463295269167,2.0663404023926044,4.513322457857531,0.9787928221859706,3.2082653616095707,0.43501903208265363,0.0,3.588907014681892,22.566612289287658,8.863512778684068
ff760b6984f349d5b9d4cb65e0d52674,64.67172845020097,0.0,0.0,0.0,14.962036623492631,0.0,0.0,0.0,2.7690933452434123,17.597141581062974,0.0
35d2b7e52b0c4629af679468071a6edf,17.46880570409982,2.91146761734997,0.5941770647653001,29.70885323826501,5.407011289364231,26.559714795008905,0.4753416518122401,0.0,4.45632798573975,12.418300653594772,0.0
55615bc6cb9f4a2ba16e29a2cfd43405,15.971731448763247,0.0,0.0,41.554770318021205,2.049469964664311,24.028268551236753,0.0,0.0,0.7067137809187279,14.982332155477032,0.7067137809187279
f30c65aa24b34f80af70e0764c89a749,24.625935162094756,0.9351620947630921,0.0,29.675810473815456,12.406483790523689,11.159600997506233,0.0,0.0,4.364089775561096,16.832917705735657,0.0
c40c9644babf4872b4a8468f1a6254dc,5.723720418271878,0.0,0.825536598789213,55.86130985140342,0.44028618602091363,31.700605393505782,0.0,0.0,0.0,5.448541552008806,0.0
dca2999fdf9d4079ae34631d70063778,0.0,0.5402160864345738,0.0,58.523409363745486,0.0,33.973589435774315,0.0,0.0,0.48019207683073234,6.482593037214885,0.0
f8d1059e5398406da010e2d6cc0e79a0,0.0,0.0,0.0,83.09065288868013,0.0,15.547205260685766,0.0,0.0,0.0,1.3621418506341005,0.0
188f6d791c164e8fbca995293490d804,1.2621359223300967,0.0,0.58252427184466,70.67961165048543,0.0,21.407766990291258,0.0,0.0,0.0,6.067961165048542,0.0
c0749b69ed7b4fea896dc84558772b09,17.679057116953757,0.9972801450589299,2.085222121486854,43.78966455122393,2.447869446962828,13.961922030825018,0.0,0.0,4.351767905711695,14.687216681776968,0.0
1a123c951f19465c8524a40dd660f974,51.0204081632653,0.6802721088435374,1.2558869701726847,18.576661433804293,2.6164311878597597,11.407639979068552,0.8895866038723181,0.0,1.622187336473051,11.930926216640502,0.0
5a821c732bc841bd97c33edc274253c6,19.838354151359297,0.0,0.0,30.051432770022043,6.53930933137399,24.173401910360028,0.0,0.0,2.5716385011021305,16.82586333578251,0.0
2834c8ccc462406388010d04c395522e,12.803030303030303,0.0,0.9090909090909091,43.63636363636363,1.3636363636363635,23.257575757575758,0.9090909090909091,0.6060606060606061,4.46969696969697,12.045454545454547,0.0
1743b744a85d4c0696dc013560b598fd,30.36244800950683,3.0897207367795603,0.0,36.125965537730245,6.773618538324421,4.93166963755199,0.0,0.0,0.5347593582887701,18.18181818181818,0.0
0ba0564661dd49a3acfb591869fc840d,10.78735275883447,0.49597024178549287,0.0,38.37569745815251,5.083694978301302,37.25976441413514,0.0,0.0,0.7439553626782393,7.2535647861128325,0.0
71ab7d3f9b014f6d916ebf6f8b2b7e5f,8.151609553478714,0.0,0.0,44.23676012461058,0.7268951194184838,41.74454828660436,0.0,0.0,0.0,5.140186915887851,0.0
85ab9fb4c4d8468ebc2db97896afea20,6.61268556005398,0.0,0.9446693657219972,42.30769230769231,1.9568151147098514,38.933873144399456,0.0,0.0,0.5398110661268556,8.704453441295545,0.0
9b97214df86c4c3781c35ece388ec0e3,0.5062126092959042,0.0,0.0,85.82604693971469,0.0,8.78969167050161,0.0,0.0,0.0,4.878048780487805,0.0
5ea53f9cea954d5db1bbd6467dde1c5f,14.903225806451612,0.5161290322580645,1.6129032258064515,50.4516129032258,0.5806451612903225,18.516129032258064,0.0,0.0,5.419354838709678,8.0,0.0
7836bbc88a674d0190389262c022d607,3.2953864589574597,0.0,0.5991611743559017,68.00479328939484,0.0,19.772318753744756,0.0,0.0,0.0,8.328340323547033,0.0
8a2f55bed6e24d89b3da2550c2e49615,14.527027027027026,2.77027027027027,1.689189189189189,16.283783783783782,2.7027027027027026,37.5,0.0,0.0,5.067567567567567,15.202702702702702,4.256756756756756
8a1314ca31af4c0182835b9d7834e9a8,62.38532110091742,0.0,0.0,7.155963302752294,13.08868501529052,1.529051987767584,0.0,0.0,1.284403669724771,14.5565749235474,0.0
e684e59cf4a545beaf9715ec76e4ee23,0.0,0.0,0.3956043956043956,53.31868131868133,0.3516483516483517,41.01098901098901,0.0,0.0,0.0,4.483516483516484,0.43956043956043955
ac21392b6a59404dae329be5b9b2a989,2.0663404023926044,0.0,0.0,58.02066340402392,0.0,34.42088091353997,0.0,0.0,0.0,5.492115280043501,0.0
75a52bc317ee4ee8a872c818ca8e249d,30.13918629550321,0.4282655246252677,0.0,50.91006423982869,9.796573875802999,0.0,0.0,0.0,0.48179871520342604,8.244111349036402,0.0
a4abe20f62df425fa69de0cbfb82a8d4,25.58575445173384,0.0,0.0,12.464854732895972,15.370196813495784,33.08341143392689,0.0,0.0,3.936269915651359,9.55951265229616,0.0
44054e8856c94e5eb0465fc6ef68f921,3.5942028985507246,0.0,0.0,61.33333333333333,0.0,28.695652173913043,0.0,0.0,0.927536231884058,5.449275362318841,0.0
5f5fb7595c53450fb92ab1acae96830b,4.1273584905660385,0.0,0.0,69.92924528301884,0.4716981132075472,25.471698113207545,0.0,0.0,0.0,0.0,0.0
78c55427a7e4422fa562dd4547282ffc,2.464268112370626,0.0,0.0,40.41399704287826,0.6407097092163626,51.1582060128142,0.0,0.0,0.0,5.322819122720551,0.0
b0cb6f0681f246c6a19de8f8e5d2ea45,0.0,0.0,0.0,48.158379373848994,0.0,46.8232044198895,0.0,0.0,0.0,5.018416206261511,0.0
3ef0d5e00dd84407a5bd576c3a7875cc,1.312705110173465,0.0,0.0,8.110642287857479,0.0,82.70042194092827,0.0,0.0,0.0,7.87623066104079,0.0
eb3198c069a7405bbdf1743472a81305,0.0,0.0,0.0,71.78260869565217,0.0,25.173913043478255,0.0,0.0,0.0,3.043478260869565,0.0
b4acefc7d36b4abe81d0291e41677a9a,0.0,0.0,0.0,61.20979356697071,0.0,33.941430628900626,0.0,0.0,0.0,4.84877580412866,0.0
ea422f2027ea47659849bf88b92bc61f,7.746478873239434,0.0,0.0,53.95449620801733,1.6251354279523291,29.523293607800646,0.0,0.0,0.0,7.15059588299025,0.0
2904da6c2f3a4b10bf982be3f91a9961,0.0,0.0,0.0,35.84905660377359,0.0,58.7206626783249,0.0,0.0,0.0,5.4302807179015185,0.0
e993b1bdc98a4b169d6aae6877fa1553,13.14102564102564,0.5036630036630036,0.0,63.78205128205128,0.41208791208791207,19.276556776556777,0.0,0.0,0.6868131868131868,2.197802197802198,0.0
54ca5a82244e4f09b2f8cb0c65bb05d9,8.968347010550996,0.0,0.0,48.30011723329425,0.0,36.9284876905041,0.0,0.0,0.0,5.803048065650645,0.0
e2782411d157481fa8135b31ffedc830,3.5735917625681415,0.0,0.0,48.57662023016354,0.0,45.30587522713508,0.0,0.0,0.0,2.543912780133253,0.0
005fe0de24c7443fb38fbc59e68e3684,45.081135902636916,1.7748478701825559,1.977687626774848,11.56186612576065,3.7018255578093315,20.13184584178499,0.0,0.0,1.4198782961460445,14.35091277890467,0.0
75f6d368fa33408eaeae695ff41a760b,34.32203389830508,1.7554479418886197,0.9079903147699757,3.4503631961259074,3.9346246973365613,21.368038740920092,0.0,0.9079903147699757,3.5714285714285707,24.45520581113801,5.32687651331719
d96c0c9e45a44466ad8d4e1775d0d262,47.723532638507955,1.6456390565002743,2.7427317608337907,0.0,9.65441579813494,0.0,0.0,0.0,8.721886999451455,19.03455842018651,10.477235326385081
ed4867086c75453680e30e960dc1a6a7,13.974096796182689,2.5221540558963875,0.0,25.085207907293796,1.36332651670075,38.786639400136345,0.0,0.0,0.954328561690525,16.63258350374915,0.681663258350375
375e9403926f4372bae5639070635d6c,33.942375263527765,0.0,0.0,12.930428671820097,1.8271257905832752,21.011946591707662,0.0,0.0,5.973295853829938,22.90934645115953,1.40548137737175
9b605535ba324237b47615cf78e5d5a1,35.06405933917734,0.7417397167902899,0.6743088334457181,28.860418071476744,6.33850303438975,6.67565745111261,0.0,0.0,4.517869184086312,17.12744436952124,0.0
88d45f6c7108461d8973fad27207e70d,53.50467289719628,0.0,0.0,5.023364485981309,12.675233644859818,4.556074766355141,0.0,0.0,8.060747663551405,16.17990654205608,0.0
54d78ac6fb7b4b04bf067637bc675ac5,4.797441364605544,0.4264392324093817,2.931769722814499,25.319829424307034,2.0788912579957355,40.191897654584224,0.0,0.0,5.223880597014926,19.029850746268657,0.0
d498b4920722459aa9f19cc9daddcaba,0.36036036036036045,0.0,0.0,63.7837837837838,0.0,30.990990990991,0.0,0.0,0.0,4.864864864864865,0.0
780225351a0840a8ac763843d2128bf8,11.613876319758672,0.0,0.0,51.231774761186514,1.0558069381598796,29.41176470588235,0.0,0.5530417295123177,0.7541478129713424,5.379587732528909,0.0
941772a619bd462f8295e569c7364992,36.12903225806452,0.0,0.0,33.74193548387097,6.709677419354839,5.935483870967743,0.0,0.0,3.3548387096774195,14.129032258064518,0.0
b8da24d5e9aa4b5f9430612ed6a7eaaf,28.741092636579573,0.0,0.0,47.74346793349169,4.513064133016628,3.72129849564529,0.0,0.0,2.058590657165479,13.222486144101348,0.0
3a16b0b78b1447cc8b1fad9656ef0d51,2.7963272120200338,0.0,0.0,85.559265442404,1.252086811352254,5.550918196994992,0.0,0.0,0.7095158597662773,4.131886477462438,0.0
5df9af209a8843889ce4425034e1c3dc,57.05521472392638,0.0,1.1588275391956375,4.771642808452624,5.589638718473075,7.157464212678938,0.0,0.0,2.249488752556237,21.472392638036816,0.5453306066803
3b0e12c1efe444959e5e2b1b016e38ad,56.25717566016074,0.0,1.2055109070034444,3.5591274397244548,4.247990815154994,2.123995407577497,0.0,0.0,7.347876004592423,25.258323765786454,0.0
e60c5e9e8d084a0f9ffcbd5c5ef02674,61.88637617209045,0.0,0.7722007722007722,3.4197462768891342,9.873138444567017,3.7506894649751787,0.0,0.0,0.5515719801434087,19.746276889134034,0.0
c021bb644aa64bcb918533ca78e2c818,50.4581901489118,3.264604810996564,0.4581901489117985,11.340206185567013,5.154639175257732,8.018327605956475,0.0,0.0,3.1500572737686148,18.155784650630014,0.0
df8f1f0ad5d9421897a6db20c0c7defc,65.57930258717658,0.0,0.0,5.118110236220473,8.267716535433072,1.5748031496062995,0.0,0.0,6.580427446569179,12.879640044994376,0.0
86e026b7412140bc94beb371cce70672,69.62426437301947,0.0,0.4979628791308284,0.0,11.86057039384337,0.0,0.0,0.0,2.6256224535989134,15.391579900407423,0.0
de6aa7977a2a4cf7b1d3332a17d3d4ac,12.941176470588236,0.0,0.0,30.65015479876161,1.1145510835913313,40.928792569659436,0.0,0.0,4.148606811145511,8.91640866873065,1.30030959752322
75a66024e2c842a1829747ed8c93be73,30.66740209597353,0.0,0.49641478212906787,19.635962493105357,8.935466078323223,13.954771097628242,0.0,0.0,4.0816326530612255,22.22835079977937,0.0
ed22be7e7d264c719e661562fab0c927,10.014727540500736,0.0,1.8654884634266078,51.39911634756996,0.9327442317133039,21.06038291605302,0.0,0.0,6.283750613647521,8.443789887088856,0.0
8a2f999c2d4c4b86b5e948b575edefb5,50.389863547758274,5.6042884990253405,0.6335282651072124,0.0,12.037037037037036,1.4132553606237817,0.0,0.0,5.2144249512670555,24.220272904483426,0.48732943469785567
320e57920da84e039c4ab62ccf19de6d,35.76791808873721,1.4334470989761094,1.1604095563139931,32.55972696245734,2.3890784982935154,11.262798634812286,0.0,0.0,1.6382252559726964,13.788395904436863,0.0
2bd4da61824e43e4850e463a0213edea,63.1195335276968,0.0,0.0,0.0,11.856171039844508,0.0,0.0,0.0,4.421768707482993,20.602526724975704,0.0
206973e6e2054e548199e7d5452950cc,63.1578947368421,0.9037745879851143,0.0,7.070707070707068,7.8149920255183405,1.7543859649122804,0.0,0.0,3.9340776182881445,15.364167995746941,0.0
11f96fa3d5744a6eb19ea970c36d2479,50.082735797021506,0.0,0.441257584114727,9.376723662437948,12.796469939327082,0.4964147821290678,0.0,0.0,3.8610038610038604,21.787093215664644,1.1583011583011584
755d125dd45d441f8be9a61a44e1f103,13.739987677141094,0.9242144177449167,0.4929143561306223,37.892791127541585,6.6543438077634,11.70671595810228,0.0,0.0,1.5403573629081946,25.56993222427603,1.4787430683918668
dcd7eba72ffb4d0b88dbf6a029d3608c,2.87664553876158,0.0,0.0,77.76694295465627,1.8039980497318384,11.701608971233545,0.0,0.0,0.0,5.850804485616773,0.0
ed360e87202b44f48567f2a7caf17f60,19.123252858958068,0.0,0.0,38.43710292249048,5.0190597204574345,21.982210927573064,0.0,0.0,0.0,15.438373570520966,0.0
05a4e672b9304dbb8b4aab2775834de9,58.11915887850467,0.6425233644859812,2.453271028037383,3.7967289719626165,5.549065420560748,1.8691588785046729,0.0,0.0,6.249999999999999,21.320093457943923,0.0
2dbc75f500024f96b4f4fa462fd58210,56.50901999024865,0.0,1.9015114578254506,8.434909800097515,10.580204778156995,0.39005363237445145,0.0,0.0,2.6816187225743535,19.502681618722576,0.0
4f616a73be4f4f3dbc8b41b72d45d154,71.7547000895255,0.0,0.0,0.0,10.071620411817369,0.0,0.0,0.0,3.3124440465532676,14.861235452103847,0.0
c0b97accae414ba29f95d0094ecaf138,21.08559498956159,4.1753653444676395,0.0,3.079331941544885,5.793319415448852,39.30062630480166,0.0,0.0,1.3569937369519836,23.121085594989562,2.08768267223382
9b4ead458b8a40b1a4b6ecc15a43e24b,62.55506607929515,0.8181246066708622,1.4474512271869102,5.160478288231593,8.055380742605413,0.0,0.0,0.0,5.160478288231593,16.803020767778477,0.0
fe291f82b2024e2f8b0c349d7cbb2f2c,48.59365649311791,1.1968880909634951,0.0,13.10592459605027,13.464991023339321,1.5559545182525438,0.0,0.0,3.2315978456014363,18.850987432675048,0.0
2d49824ea43f4abba28d58221db56bef,55.15210991167812,0.0,0.6378802747791954,10.206084396467126,14.278704612365065,0.0,0.0,0.0,5.103042198233564,14.62217860647694,0.0
46bfabc41848449fb7faba0f6c23199e,49.963316214233316,0.0,0.0,16.067498165810715,7.923697725605285,3.595011005135731,0.0,0.807043286867205,1.3939838591342633,20.249449743213507,0.0
a1ae19404b3f4014984a57abaf35c476,15.37102473498233,0.5300353356890458,1.0011778563015312,57.06713780918728,0.5300353356890458,13.780918727915193,0.0,0.0,2.473498233215548,9.246171967020024,0.0
d0fdb873f86d49a8953554752a6bdd51,27.30794060684312,0.0,0.0,46.35248547449967,7.036797934151067,6.262104583602323,0.0,0.0,1.0974822466107166,11.94318915429309,0.0
5c7d6067117b4d36a975947ff23f04c2,46.289375333689264,0.0,1.014415376401495,28.93753336892685,4.3246129204484784,7.90176187933796,0.0,0.0,1.4415376401494926,10.09076348104645,0.0
54171fccc5b3458f947b73871217128f,40.26548672566371,0.7964601769911502,0.0,19.115044247787605,7.610619469026548,8.938053097345131,0.0,0.0,1.5929203539823005,21.68141592920354,0.0
32756ff0fe8f449a8cd17e2dfd54c1ad,49.717114568599726,1.343705799151344,0.0,11.173974540311178,11.45685997171146,15.983026874115987,2.2630834512022635,0.0,1.1315417256011318,6.930693069306932,0.0
18881d3ec46e4a34bf3d1ff80de5109a,48.48732624693378,1.2264922322158627,0.0,11.69255928045789,7.686017988552739,2.3712183156173343,0.0,0.0,5.723630417007358,22.812755519215045,0.0
c0dc2be966224299a2cbd4afe2a7a26f,23.846614739364885,0.0,0.5392450569203115,36.54883163571,7.968843618933493,1.5578190533253446,0.0,0.0,7.369682444577592,22.168963451168363,0.0
a24bf755207e4d4f97a97588f90d11d3,53.329369797859684,0.4756242568370987,0.0,21.99762187871581,8.263971462544589,0.4756242568370987,0.0,0.0,1.6052318668252077,13.8525564803805,0.0
c03943455be84e538c0407a38493bdf9,31.369765791341376,0.5677785663591199,0.0,36.62171753016324,0.7806955287437899,16.82044002838893,0.0,0.0,0.7097232079489,13.129879347054649,0.0
46d38cc7003c449ba90edb88a23ebf3d,30.0982800982801,0.0,0.0,35.749385749385745,4.0540540540540535,14.31203931203931,0.0,0.0,4.6683046683046685,8.538083538083537,2.5798525798525795
c2f38218f14d499ba2b141b920d12edd,28.410513141426783,0.0,0.5006257822277848,28.160200250312887,3.0037546933667083,9.88735919899875,0.0,0.0,4.8185231539424285,25.219023779724658,0.0
1a6e71cebb424393adb4732916202afd,45.48517520215633,0.0,0.5390835579514824,25.40431266846361,5.256064690026953,12.533692722371965,0.0,0.0,2.0889487870619945,8.692722371967655,0.0
ee0b9b2ae9854d8c91dbb9d64cbdbd58,18.709677419354836,0.0,0.0,66.55913978494623,1.3978494623655908,3.172043010752688,0.0,0.0,2.0967741935483866,8.064516129032256,0.0
0789bd6d21d14d54bb9d974524fa1bf6,32.129380053908356,1.0242587601078168,1.6711590296495955,49.595687331536375,4.420485175202156,0.4851752021563342,0.0,0.0,0.8086253369272237,9.433962264150942,0.431266846361186
90217d49cedb4da492e807e30e89137c,30.233990147783253,0.6773399014778325,0.5541871921182266,24.44581280788178,13.793103448275865,16.564039408866993,0.0,0.0,4.495073891625616,9.236453201970443,0.0
a44c75e916e049d29a6236be3324536e,36.47720174890694,0.999375390381012,0.0,17.239225484072456,17.301686445971267,2.4984384759525295,0.0,0.0,5.371642723297939,20.112429731417865,0.0
f5a58da8a35b4c2a863ae7aacc90e341,44.29065743944636,0.5536332179930797,0.0,11.626297577854674,15.709342560553635,8.37370242214533,0.0,0.0,6.020761245674741,13.42560553633218,0.0
649ac30a570642048675ea0d6a57edf7,47.42033383915023,0.0,0.0,11.608497723823977,10.54628224582701,10.166919575113809,0.0,0.0,8.11836115326252,12.13960546282246,0.0
06bada6bb8314630b98636e5bb7d9dbb,33.33333333333333,2.31990231990232,0.0,26.984126984126988,4.945054945054946,17.46031746031746,0.0,0.0,5.006105006105007,9.951159951159953,0.0
5e8629aff5dd4840971e0c4cd0ff88cc,45.83333333333334,0.0,0.0,20.357142857142858,3.630952380952381,16.42857142857143,0.0,0.0,1.0714285714285714,12.678571428571429,0.0
4f5690f6fe624e31b0a0e99d5f9c4450,30.129390018484287,0.8009858287122611,0.0,30.560690080098578,6.4078866296980905,13.06223043746149,0.0,0.0,3.7584719654959944,15.280345040049292,0.0
3bc71c04d09040a2825e7eecd47f3eff,0.0,0.0,0.0,77.29426971133132,0.0,18.311072813442482,0.0,0.0,0.0,4.394657475226197,0.0
698bf5b232c14670a99f4c094cb07e23,0.0,0.0,0.0,45.81717451523546,1.662049861495845,44.875346260387815,0.0,0.0,4.1551246537396125,3.4903047091412747,0.0
53c9ed8c361c4cc4a776dbf8155cf5e0,29.503335804299475,0.0,4.299481097108969,32.17197924388436,12.824314306893994,5.707931801334321,0.0,0.0,1.9273535952557448,12.898443291326906,0.6671608598962192
8db729b2ef8c4a8693015b4c600aebfe,0.5545286506469501,0.0,0.0,67.1595810227973,0.0,25.878003696857675,0.0,0.0,0.0,6.407886629698091,0.0
c625d28b0a2d45eeaa5532a9370c6e67,17.58620689655173,0.6896551724137931,0.0,37.24137931034483,5.000000000000001,31.55172413793104,0.0,0.0,0.0,7.471264367816095,0.45977011494252884
6f84cb4618e044d8a71c1e0fddf49e2a,3.191489361702128,0.598404255319149,0.6648936170212766,46.07712765957447,3.523936170212766,31.98138297872341,0.0,0.0,4.255319148936171,9.70744680851064,0.0
d7683283f0024df5b4f9b4855b29089e,3.956343792633015,0.0,0.0,57.63983628922237,2.0463847203274215,29.46793997271487,0.0,0.0,0.0,6.889495225102319,0.0
9b83c1f3d1c942b6949191b8ac3acd34,28.19183408943616,0.0,1.8794556059624108,27.738172391445236,3.240440699935191,22.877511341542444,0.0,0.0,0.5184705119896306,15.554115359688916,0.0
42136fd6c90d4bfcb8cc7829b7f79808,19.58041958041958,0.5994005994005994,0.0,65.63436563436562,2.3976023976023977,10.039960039960041,0.0,0.0,1.0489510489510492,0.6993006993006993,0.0
980429ee30fe44ac96d3dcd89229c751,56.11038107752957,0.0,0.0,17.017082785808142,6.176084099868594,4.402102496714849,0.0,0.0,0.0,16.294349540078844,0.0
18d90b28790d4b7286eb0c73b666fd92,14.5928338762215,1.9543973941368078,0.0,61.36807817589577,0.5863192182410423,13.615635179153097,0.0,0.0,0.0,6.905537459283388,0.9771986970684039
55b9a3f32df340cc86f03d13bad8e6da,42.53012048192771,0.542168674698795,0.0,23.674698795180717,12.891566265060238,1.2650602409638554,0.0,0.0,2.4096385542168672,16.686746987951807,0.0
104da7d074ef4e3bb33b0c99446169cc,37.008310249307485,0.0,0.44321329639889195,38.89196675900276,2.9916897506925206,11.357340720221606,0.0,0.0,1.4404432132963987,7.423822714681441,0.44321329639889195
9901ca8064514ad596ce6290ada06724,2.9444444444444446,0.888888888888889,0.0,66.27777777777776,1.222222222222222,22.333333333333332,0.0,0.0,0.0,6.333333333333333,0.0
af6d9629229c4482bf24f85f9afd3919,40.922401171303065,0.0,0.0,34.69985358711566,5.710102489019034,9.516837481698389,0.0,0.0,1.0248901903367496,7.46705710102489,0.6588579795021962
9d37908183e84199806aaf4c8824643d,2.4089635854341735,0.0,0.0,69.29971988795518,0.0,21.624649859943972,0.0,0.0,0.0,6.666666666666667,0.0
9b324b3235a14f3b98b02ce36b395969,29.84967788117394,0.0,1.0737294201861127,38.15318539727987,6.871868289191122,6.728704366499641,0.0,0.0,0.8589835361488902,16.463851109520398,0.0
2a67d28355a24ee6b413851a22ff0719,2.5181869054280916,0.0,0.0,17.73922775601567,0.0,68.10296586457751,0.0,0.0,0.0,11.639619473978735,0.0
57efb6c349a04aaea9d3c4a2df2a636a,27.38752959747435,1.3417521704814521,0.0,42.62036306235201,5.05130228887135,5.288082083662194,0.0,0.0,0.0,18.310970797158642,0.0
e765e803b461449bafe2f70f7481d861,37.66310794780545,0.7117437722419928,0.0,42.52669039145908,5.456702253855279,2.609727164887307,1.0676156583629892,0.0,5.6939501779359425,4.270462633451957,0.0
d3cd11ef93514216b5a010ad2101fea7,33.497536945812804,1.4074595355383532,0.0,46.2350457424349,6.61505981703026,3.7297677691766364,0.0,0.0,1.2667135819845181,7.248416608022519,0.0
39afc094e09041618e4c36915b26f768,22.228538942581007,0.0,0.0,41.444002274019326,2.5582717453098347,23.30869812393405,0.0,0.0,0.0,10.46048891415577,0.0
8b7e286d9016489c9909168c0c4c0a20,4.562043795620438,0.0,0.0,74.330900243309,0.0,14.598540145985405,0.0,0.0,0.0,6.508515815085159,0.0
610b37287dc24341a60d3ccdf6295827,0.8597528210639441,0.0,0.0,59.80655561526059,0.0,30.46749059645352,0.0,0.0,1.07469102632993,7.791509940891993,0.0
07867f84065e44b39e7ba79ce8598fc7,27.135678391959797,0.6281407035175879,0.0,37.12311557788944,4.082914572864323,13.442211055276385,0.9422110552763819,2.3241206030150754,1.1306532663316582,13.190954773869347,0.0
6d67dbea0bd3410c90d76f06d1a0b64a,18.197776477472203,0.7021650087770626,0.0,63.662960795787,4.915155061439439,0.5851375073142188,1.8724400234055003,1.7554125219426564,0.5266237565827969,6.787595084844938,0.9947337624341719
ee63529ee1a74dfd968a69ca369163bc,4.7142015321154975,0.0,0.4714201532115498,55.45079552150853,0.0,23.394225103123155,0.0,0.0,2.474955804360637,13.494401885680613,0.0
00803609c3074d37bc3fa9190c2aa256,11.910377358490566,0.5896226415094339,0.0,61.73349056603772,0.0,18.98584905660378,0.0,0.0,0.0,6.78066037735849,0.0
3c0d0edb220240e5b1c9bf3ecfb37988,0.0,0.0,0.0,71.10770801429302,0.4083716181725371,22.76671771311894,0.0,0.0,0.0,5.7172026544155194,0.0
706ece9f26dd42d7b4eb993c7fba33ef,5.833333333333333,0.0,1.3888888888888888,44.44444444444444,1.222222222222222,42.77777777777778,0.0,0.0,0.0,4.333333333333333,0.0
ce16b00117e446429201d9b3ad45c73b,0.0,0.0,0.0,74.89239598278334,0.0,19.942611190817793,0.0,0.0,0.0,5.164992826398852,0.0
fe3add9230c54bf9a36aeb8a151f76e6,1.72031076581576,0.0,0.0,62.37513873473918,0.0,29.356270810210873,0.0,0.0,0.0,6.548279689234184,0.0
8d8e6480c89e427f890202c535255b56,13.543490951546993,0.7589025102159953,0.0,59.77816695855225,3.2107413893753645,14.535901926444833,0.0,0.0,0.7005253940455342,7.472270869819031,0.0
b1249d93f2a44db88c5d649f1d42ad78,1.7210682492581602,0.0,0.0,64.98516320474778,0.0,23.26409495548961,0.0,0.0,4.213649851632048,5.816023738872403,0.0
4a81013077fc458f8b22ea3c9cc686fa,15.297261189044754,1.2024048096192386,0.0,67.86907147628588,2.2712090848363395,12.291249164996659,0.0,0.0,1.068804275217101,0.0,0.0
31454ccf68f14685a52aff9da42d89b3,41.56553398058252,0.546116504854369,0.0,25.36407766990292,5.5218446601941755,8.25242718446602,0.0,0.0,3.216019417475729,15.533980582524276,0.0
2929fc2d55ea42e5a02052824e66e605,8.635265700483092,0.0,0.0,50.66425120772948,0.0,32.669082125603865,0.0,0.0,0.6642512077294686,7.367149758454106,0.0
b097489dd2574b41b8d9fda729a19801,0.5333333333333333,0.6933333333333334,0.0,43.78666666666667,0.0,49.120000000000005,0.0,0.0,0.0,5.866666666666666,0.0
3cbaeba0e5a449b6bff0ce6f0963b601,43.51620947630923,0.5610972568578553,1.3715710723192018,20.26184538653366,4.364089775561097,7.418952618453865,0.0,0.0,2.493765586034913,18.952618453865338,1.059850374064838
d2e5ea6144d14dc5b994e32bd98f465e,8.992154496077248,1.448400724200362,0.0,27.27821363910682,1.1466505733252865,48.64212432106215,0.0,0.0,0.0,12.492456246228123,0.0
d5dc0dc4049e4a2eb50131ce8b11c23b,17.063020214030917,1.0107015457788346,2.913198573127229,43.10344827586207,3.626634958382877,14.328180737217599,0.0,0.0,7.5505350772889415,10.404280618311534,0.0
7c30fdbf4f8b427e8603cb531bff12d5,5.22113022113022,0.0,0.0,47.665847665847664,0.0,35.74938574938575,0.0,0.0,4.2997542997543,7.0638820638820645,0.0
eca1f08e3fbf437db61e11951aa14eec,1.1891891891891888,0.0,0.0,60.594594594594604,0.0,31.729729729729726,0.0,0.0,0.4324324324324324,6.0540540540540535,0.0
15587d7fec0c4599bdd8f4a180e94aab,12.669683257918551,0.4022121669180493,0.0,51.73453996983409,0.45248868778280543,31.47310206133735,0.0,0.0,0.0,3.2679738562091503,0.0
b304b224633a41eb89584c0fd25511cb,0.0,0.0,0.0,87.43123148539989,0.0,8.252221752010156,0.0,0.0,0.0,4.316546762589928,0.0
73050ac5b1d542648afd8103277fff66,1.1173184357541899,0.0,0.0,83.45509239363984,0.0,11.044262999570261,0.0,0.0,0.0,4.383326171035668,0.0
a12406ee83004ee099a29cbf72afbb53,0.0,0.0,0.0,78.6522633744856,0.0,17.541152263374485,0.0,0.0,0.0,3.806584362139918,0.0
6b666ad331bb4f42a28f3556fcab3ebe,18.28637147786084,4.370327774583094,0.0,42.5531914893617,0.5750431282346176,20.471535365152388,0.0,0.0,1.5526164462334675,12.190914318573894,0.0
2f9eb3271fc84c20a9d56d016304b3ac,0.0,0.0,0.0,76.41843971631208,0.0,15.130023640661939,0.0,0.0,2.541371158392435,5.910165484633569,0.0
4faa91742672407da1b0059bef40ee87,17.177097203728362,1.3315579227696404,2.1970705725699067,46.33821571238349,2.6631158455392807,21.304926764314242,0.0,0.0,0.0,8.988015978695072,0.0
a95db2d0a3ff4aeebd69ac214b75c002,0.6224988883948424,0.0,0.0,87.90573588261452,0.0,6.536238328145844,0.0,0.0,0.40017785682525575,4.535349044019566,0.0
265b57b2034c4107ad22328647e965b3,49.82758620689654,4.482758620689655,0.8620689655172412,19.770114942528732,1.436781609195402,8.333333333333332,0.0,0.0,1.7241379310344824,11.321839080459768,2.241379310344827
0ae4ee2510cb4e00a69e73ec4825214e,5.136986301369864,0.7990867579908675,0.0,52.16894977168948,1.6552511415525113,20.77625570776255,0.0,0.0,0.9703196347031964,18.493150684931503,0.0
